Experiment	PatternSize	NumberOfPatterns	NumberOfTests	OutputSize	AverageTrainingTime	AverageGenerationTime

Slow    3   645 1   (5, 5, 5)   0.234   74.779	
Slow    3   645 1   (10, 10, 10)    0.263    1726.718	
Slow    3   645 1   (11, 11, 11)    0.265    2778.003	
Slow    3   645 1   (12, 12, 12)    0.261    4261.936	
Slow    3   645 1   (13, 13, 13)    0.295    4998.803	
Slow    3   645 1   (14, 14, 14)    0.212    7505.087	
Slow    3   645 1   (15, 15, 15)    0.23 10574.52

Mid 	3	645		5	(5, 5, 5)	0.207	2.211	
Mid 	3	645		5	(10, 10, 10)	0.264	18.262	
Mid 	3	645		5	(11, 11, 11)	0.228	24.188	
Mid 	3	645		5	(12, 12, 12)	0.242	31.687	
Mid 	3	645		5	(13, 13, 13)	0.21	40.348	
Mid 	3	645		5	(14, 14, 14)	0.269	43.786	
Mid 	3	645		5	(15, 15, 15)	0.242	66.418	

Fast	3	476		5	(5, 5, 5)	0.075	0.465	
Fast	3	476		5	(10, 10, 10)	0.075	4.492	
Fast	3	476		5	(11, 11, 11)	0.075	6.082	
Fast	3	476		5	(12, 12, 12)	0.074	7.919	
Fast	3	476		5	(13, 13, 13)	0.073	10.17	
Fast	3	476		5	(14, 14, 14)	0.065	12.778	
Fast	3	476		5	(15, 15, 15)	0.071	15.674	
Fast	3	476		5	(20, 20, 20)	0.061	37.788	
Fast	3	476		5	(25, 25, 25)	0.069	80.663	