Experiment	PatternSize	NumberOfPatterns	NumberOfTests	OutputSize	AverageTrainingTime	AverageGenerationTime
Slow   2   255  1   (5, 5, 5)	    0.034   8.12	
Slow   2   255  1   (10, 10, 10)    0.052   52.962	
Slow   2   255  1   (11, 11, 11)    0.034   55.034	
Slow   2   255  1   (12, 12, 12)    0.056   72.02	
Slow   2   255  1   (13, 13, 13)    0.036   112.048	
Slow   2   255  1   (14, 14, 14)    0.036   118.722	
Slow   2   255  1   (15, 15, 15)    0.053   135.639	    

Mid	2	255	5	(5, 5, 5)	0.057	0.461	
Mid	2	255	5	(10, 10, 10)	0.036	4.458	
Mid	2	255	5	(11, 11, 11)	0.04	5.974	
Mid	2	255	5	(12, 12, 12)	0.035	7.454	
Mid	2	255	5	(13, 13, 13)	0.035	9.123	
Mid	2	255	5	(14, 14, 14)	0.034	11.576	
Mid	2	255	5	(15, 15, 15)	0.035	14.237	

Fast	2	162 5	(5, 5, 5)	0.008	0.078	
Fast	2	162 5	(10, 10, 10)	0.009	0.743	
Fast	2	162 5	(11, 11, 11)	0.005	1.034	
Fast	2	162 5	(12, 12, 12)	0.01	1.404	
Fast	2	162 5	(13, 13, 13)	0.006	1.846	
Fast	2	162 5	(14, 14, 14)	0.008	2.332	
Fast	2	162 5	(15, 15, 15)	0.005	2.868	
Fast	2	162 5	(20, 20, 20)	0.011	7.117	
Fast	2	162 5	(25, 25, 25)	0.01	16.59	